1
(6, 6) (1, 6)
(1, 6) (6, 6)
(1, 6) (7, 7) (7, 1)
Matrix([[0.0472944981723532, -0.125716006235776, -0.0197421486241216, 0.00842580030032771, 0.0458200969156696, 0, 0.269895400271164], [-0.125716006235776, 0.199028607734770, 0.0886211310163920, -0.0356237925446288, -0.112190395091536, 0, 1.65263269023338e-17], [-0.0197421486241216, 0.0886211310163920, -0.0456026483131031, 0.0304419045807205, -0.00849884355828363, 0, -3.97393195187120e-17], [0.00842580030032771, -0.0356237925446288, 0.0304419045807205, -0.0220280668473899, -0.00438454283498230, 0, -0.0432626139826160], [0.0458200969156696, -0.112190395091536, -0.00849884355828363, -0.00438454283498230, 0.0275924646676346, 0, 0.0684373174340699], [0, 0, 0, 0, 0, 0, 0], [0.269895400271164, 1.65263269023338e-17, -3.97393195187120e-17, -0.0432626139826160, 0.0684373174340699, 0, 0]]) Matrix([[0.0472944981723532, -0.125716006235776, -0.0197421486241216, 0.00842580030032771, 0.0458200969156696, 0], [-0.125716006235776, 0.199028607734770, 0.0886211310163920, -0.0356237925446288, -0.112190395091536, 0], [-0.0197421486241216, 0.0886211310163920, -0.0456026483131031, 0.0304419045807205, -0.00849884355828363, 0], [0.00842580030032771, -0.0356237925446288, 0.0304419045807205, -0.0220280668473899, -0.00438454283498230, 0], [0.0458200969156696, -0.112190395091536, -0.00849884355828363, -0.00438454283498230, 0.0275924646676346, 0], [0, 0, 0, 0, 0, 0]])
0.000102136985569623
(7, 1)
(6, 1) (6, 1)
Matrix([[-0.269895400271165], [-0.232693755610215], [0.619562132325957], [1.00000000000000]])
0.00363785395281246
(7, 1)
(6, 1) (6, 1)
Matrix([[-0.269002371519055], [-0.227904975138269], [0.622583236332355], [1.00000000000000]])
0.00807726597695371
(7, 1)
(6, 1) (6, 1)
Matrix([[-0.262723225758782], [-0.228261813014247], [0.621756153381221], [1.00000000000000]])
0.00689407418441410
(7, 1)
(6, 1) (6, 1)
Matrix([[-0.256844028101394], [-0.228679488564856], [0.620459075728596], [1.00000000000000]])
0.00569215260104388
(7, 1)
(6, 1) (6, 1)
Matrix([[-0.251480819433708], [-0.229081721438612], [0.619287926103590], [1.00000000000000]])
0.00467465574717519
(7, 1)
(6, 1) (6, 1)
Matrix([[-0.246603005294986], [-0.229446718260027], [0.618188869391736], [1.00000000000000]])
0.00383479146391897
(7, 1)
(6, 1) (6, 1)
Matrix([[-0.242169754465001], [-0.229775662079291], [0.617152876935819], [1.00000000000000]])
0.00314325124408389
(7, 1)
(6, 1) (6, 1)
Matrix([[-0.238142899394608], [-0.230071496927734], [0.616176678298689], [1.00000000000000]])
0.00257443719596549
(7, 1)
(6, 1) (6, 1)
Matrix([[-0.234487295240689], [-0.230337317856124], [0.615258199189723], [1.00000000000000]])
0.00210696888897910
(7, 1)
(6, 1) (6, 1)
Matrix([[-0.231170628518501], [-0.230576061893836], [0.614395497555304], [1.00000000000000]])
0.00172311089019040
(7, 1)
(6, 1) (6, 1)
Matrix([[-0.228163190939035], [-0.230790434198267], [0.613586470065638], [1.00000000000000]])
0.00140817538712237
(7, 1)
(6, 1) (6, 1)
Matrix([[-0.225437672546398], [-0.230982896791413], [0.612828789503167], [1.00000000000000]])
0.00115000691292657
(7, 1)
(6, 1) (6, 1)
Matrix([[-0.222968977548935], [-0.231155677446434], [0.612119921780929], [1.00000000000000]])
0.000938551885484800
(7, 1)
(6, 1) (6, 1)
Matrix([[-0.220734059226719], [-0.231310785450986], [0.611457170785411], [1.00000000000000]])
0.000765501141208879
(7, 1)
(6, 1) (6, 1)
Matrix([[-0.218711770024599], [-0.231450029406318], [0.610837731099483], [1.00000000000000]])
0.000623993117153638
(7, 1)
(6, 1) (6, 1)
Matrix([[-0.216882723749905], [-0.231575035117639], [0.610258740576948], [1.00000000000000]])
0.000508367125409554
(7, 1)
(6, 1) (6, 1)
Matrix([[-0.215229167635329], [-0.231687262758424], [0.609717329751969], [1.00000000000000]])
0.000413958065653095
(7, 1)
(6, 1) (6, 1)
Matrix([[-0.213734862707704], [-0.231788022973491], [0.609210667373305], [1.00000000000000]])
0.000336925527252106
(7, 1)
(6, 1) (6, 1)
Matrix([[-0.212384971411021], [-0.231878491807285], [0.608736002463477], [1.00000000000000]])
0.000274111517979430
(7, 1)
(6, 1) (6, 1)
Matrix([[-0.211165951794445], [-0.231959724449993], [0.608290703780894], [1.00000000000000]])
0.000222922076416988
(7, 1)
(6, 1) (6, 1)
Matrix([[-0.210065457824779], [-0.232032667843222], [0.607872297587834], [1.00000000000000]])
0.000181228838955194
(7, 1)
(6, 1) (6, 1)
Matrix([[-0.209072245544744], [-0.232098172203508], [0.607478504215724], [1.00000000000000]])
0.000147287288095443
(7, 1)
(6, 1) (6, 1)
Matrix([[-0.208176084897550], [-0.232157001514976], [0.607107273012790], [1.00000000000000]])
0.000119668944010163
(7, 1)
(6, 1) (6, 1)
Matrix([[-0.207367677091320], [-0.232209843015651], [0.606756813860095], [1.00000000000000]])
9.72052030081096e-5
(7, 1)
(6, 1) (6, 1)
Matrix([[-0.206638577395519], [-0.232257315662834], [0.606425621706378], [1.00000000000000]])
7.89408950888406e-5
(7, 1)
(6, 1) (6, 1)
Matrix([[-0.205981123245267], [-0.232299977530211], [0.606112488997598], [1.00000000000000]])
6.40959396163206e-5
(7, 1)
(6, 1) (6, 1)
Matrix([[-0.205388367495871], [-0.232338332074711], [0.605816500297143], [1.00000000000000]])
5.20337377298618e-5
(7, 1)
(6, 1) (6, 1)
Matrix([[-0.204854016612137], [-0.232372833260505], [0.605537004760449], [1.00000000000000]])
4.22351576031006e-5
(7, 1)
(6, 1) (6, 1)
Matrix([[-0.204372373510738], [-0.232403889637730], [0.605273565883689], [1.00000000000000]])
3.42771508277937e-5
(7, 1)
(6, 1) (6, 1)
Matrix([[-0.203938284732493], [-0.232431867619148], [0.605025893419305], [1.00000000000000]])
2.78151940668634e-5
(7, 1)
(6, 1) (6, 1)
Matrix([[-0.203547091615367], [-0.232457094314366], [0.604793767437845], [1.00000000000000]])
2.25688840675455e-5
(7, 1)
(6, 1) (6, 1)
Matrix([[-0.203194585167215], [-0.232479860300622], [0.604576966921287], [1.00000000000000]])
1.83101267548460e-5
(7, 1)
(6, 1) (6, 1)
Matrix([[-0.202876964430956], [-0.232500422585154], [0.604375213686223], [1.00000000000000]])
1.48534650372402e-5
(7, 1)
(6, 1) (6, 1)
Matrix([[-0.202590798135288], [-0.232519007862294], [0.604188137696297], [1.00000000000000]])
1.20481614847942e-5
(7, 1)
(6, 1) (6, 1)
Matrix([[-0.202332989573244], [-0.232535815930837], [0.604015264091337], [1.00000000000000]])
9.77173420111095e-6
(7, 1)
(6, 1) (6, 1)
Matrix([[-0.202100744483509], [-0.232551023138249], [0.603856017996261], [1.00000000000000]])
7.92467891230115e-6
(7, 1)
(6, 1) (6, 1)
Matrix([[-0.201891541874575], [-0.232564785601080], [0.603709741049590], [1.00000000000000]])
6.42617217080667e-6
(7, 1)
(6, 1) (6, 1)
Matrix([[-0.201703107525358], [-0.232577242116944], [0.603575713703869], [1.00000000000000]])
5.21057121772854e-6
(7, 1)
(6, 1) (6, 1)
Matrix([[-0.201533390039892], [-0.232588516637924], [0.603453178694397], [1.00000000000000]])
4.22456924840026e-6
(7, 1)
(6, 1) (6, 1)
Matrix([[-0.201380539186516], [-0.232598720353130], [0.603341362603472], [1.00000000000000]])
3.42488189495310e-6
(7, 1)
(6, 1) (6, 1)
Matrix([[-0.201242886335096], [-0.232607953402762], [0.603239494071684], [1.00000000000000]])
2.77636686855984e-6
(7, 1)
(6, 1) (6, 1)
Matrix([[-0.201118926792982], [-0.232616306255432], [0.603146818104718], [1.00000000000000]])
2.25049696605861e-6
(7, 1)
(6, 1) (6, 1)
Matrix([[-0.201007303791077], [-0.232623860881987], [0.603062606613941], [1.00000000000000]])
1.82411450209132e-6
(7, 1)
(6, 1) (6, 1)
Matrix([[-0.200906794203991], [-0.232630691617242], [0.602986165746010], [1.00000000000000]])
1.47842790880988e-6
(7, 1)
(6, 1) (6, 1)
Matrix([[-0.200816295365383], [-0.232636866030344], [0.602916840512839], [1.00000000000000]])
1.19818670376367e-6
(7, 1)
(6, 1) (6, 1)
Matrix([[-0.200734813393614], [-0.232642445544987], [0.602854017242225], [1.00000000000000]])
('time', 688.8872308731079)
('itertion', 46)
Matrix([[-0.0571889823272353], [1.15685918021512], [2.57969997208474], [3.96867298239764], [-1.64732821473317], [1.57079632679490]])

