# oST version 5.0 parameters


[image]

width
640

height
480

[narrow_stereo]

camera matrix
876.937308 0.000000 346.095699
0.000000 877.920747 287.235694
0.000000 0.000000 1.000000

distortion
-0.059623 0.492578 -0.003262 -0.009688 0.000000

rectification
1.000000 0.000000 0.000000
0.000000 1.000000 0.000000
0.000000 0.000000 1.000000

projection
891.420349 0.000000 341.151081 0.000000
0.000000 896.034851 285.312260 0.000000
0.000000 0.000000 1.000000 0.000000

