Matrix([[0.0], [1.32920367320510], [2.87079632679490], [4.20000000000000], [-1.74159265358979], [1.57079632679490]])X:[-0.269895400271165, -0.255860123646761, -0.244649667542522, -0.235693594204584, -0.228537237086426, -0.222817990632573, -0.218246562093353, -0.214592088377459, -0.211670288101259, -0.209334023857470, -0.207465784927915, -0.205971698650853, -0.204776758207500, -0.203821018980465, -0.203056565506222, -0.202445091748364, -0.201955970083827, -0.201564709726396, -0.201251725180420, -0.201001352791078, -0.200801064665269, -0.200640840464419, -0.200512665156810]
Y:[-0.232693755610215, -0.232704642650367, -0.232710551142883, -0.232715389669886, -0.232718226594428, -0.232719656609157, -0.232720134347832, -0.232719988459932, -0.232719447754087, -0.232718667353086, -0.232717750449346, -0.232716764398321, -0.232715752868456, -0.232714743162694, -0.232713752346642, -0.232712790549096, -0.232711863548797, -0.232710974306337, -0.232710123931603, -0.232709312407784, -0.232708539126811, -0.232707802946973, -0.232707102568481]
Z:[0.619562132325957, 0.625398730146381, 0.630074068443329, 0.633821331745389, 0.636825487648496, 0.639233469966806, 0.641163071011057, 0.642708894314084, 0.643946961334950, 0.644938342736445, 0.645732062049942, 0.646367451823184, 0.646876050002917, 0.647283132760782, 0.647608950429251, 0.647869721411424, 0.648078432201797, 0.648245479076432, 0.648379184076003, 0.648486207971343, 0.648571881118735, 0.648640469196205, 0.648695385511730]
